"Year","Order","Builder","Quantity","LSWR numbers","Notes"
"1899","G9","Nine Elms","10","113–122",""
"1899","K9","Nine Elms","5","280–284",""
"1899","—","Dübs & Co. 3746–3775","30","702–719, 721–732",""
"1900","O9","Nine Elms","5","285–289",""
"1900","T9","Nine Elms","5","300–304",""
"1901","X9","Nine Elms","5","305, 307, 310–312",""
"1901","G10","Nine Elms","5","313, 314, 336–338",""
"1901","—","Dübs & Co. 4038","1","773","renumbered 733 in 1924"
