"Date of sale","Sales person","Item sold","Color of item","Units sold","Per unit price","Total price"
"10/01/13","Jones","Notebook","Black","8","25000","200000"
"10/02/13","Prince","Laptop","Red","4","35000","140000"
"10/03/13","George","Mouse","Red","6","850","5100"
"10/04/13","Larry","Notebook","White","10","27000","270000"
"10/05/13","Jones","Mouse","Black","4","700","3200"
